1110111110101000000000011100000111100110010100001100100110101001101100110110101001010100100000110110
0111011001000111110011010011101110010111111101111011111100110110110010100110010011110100101111001010
1111001001011000011101110100010010110110101010010000011101011001111101011001010011001001011001000101
1011110001110001111000000000001110100101100000000101011001010010001001011101010011001110111011101001
0101000100010011111011111000101110101101011011100101101110001001010000001110111100100111100110100010
0110000111011100011001101100010100101011100011011011011010000111011010011000100100110111111111001100
1110101000011110000100101000000001011000011001101110111110000100000110100001111011000010000101101011
1001111011011010010100100001001100111101011000001100011110110110011101000011100100010011001011000011
1110101010101000111111111110011001010011011000100001000111010111000010100010000001010100001001000001
1101011101101101011101110110001010000111001001001001010011100110100011001111010000000111011110010101
1011101110100011100011110001010010110001011010101101001100111100100101001011100010001100010111101110
0100100000011111100000101001011110100010101011011001000000010101001000001011010011010001011110011111
1111110111000111110100001111011110011000100011011001010000101101011010010000110011000110111000000101
0111010100000111011000001010011110000010111111010111010001100011011101011010010010110110101001101010
0110101010000111110011001000001001000000111010001101000010010111110100101100001010010001010010011110
1101001001000110111011001110100101110110001100101000111011011100000001110101111111110100000011101011
1001000111000100110000110101000110100101101010101100101110100001010111010111100101000011111100111101
0001001010101011101110010110101000100010010001100110111101010101111000010101110001110001110111111011
0011011001010111010100100000000111111100100101010110111100101001100011010100001111110111111110001000
1100001101001101001100111010100111101011100101110011110011111101010000011101101110111000100011101111
0001010000101111101101101110001001100000110010111101011010010101111111100100100000111000111000000000
0110101010010110101111101101111010001101010111100111101101110111001110111100111100101001011000111010
0010001111011011011010111011110110111000011111010000100110010111101010001101010011101100110010011000
0101101110010010111100000110000101111010011101101111001101001011010000001011101100111100011100101011
0111000000011111110101000011011101000010111100011100101100110011010001001011000110011101101100001110
0110011111010111110100011000011100111100001111100111001000001110001110100010000011110101011100110010
1111011100101111101110100111010001100110100100011001101101111000011010001100100110111111111010000110
0110110101111001101110101111010111110000011100000101011110011001000010011100111011111111111110001111
1111101001110001111111111010100001011001011110001010011000011101110110010011100111000100101001010011
0001101000010111000111100110000111011101110000111101011011011110111001000111111100100111011000011111
0110001011111011000000110111010001100110011010001111101111000001000110000001011101101000101011011101
0001100011011011010110100110100010100001011001011011001000111001000101100110110111101000100010111100
0101101110101001001110000011101011111111001001111110011111110001110101101101001000100101110101010011
0100011001111111000010011001110001111001110110101001101011101100111111101100111011001010000101100111
0101110010011111110110111111110101011010111100101010111110011101000111111001111011111100001001010010
1111101010111010010101101101011001000000001001100111111000101010000100101011001101010010011011010000
1011101011100000101000001001010100010010110010101001001101100100100010110111010001010001100111110101
1000100001000011101000010110110111000010011100011000000110011011010100010000101111111000000011011100
1100011110100110000101100101011010001011000011011111001111000001110111100110001100111100011011000000
1100111001110100001011000110110110101001001111110000111111011111101011001001011111111000100111110011
0000011001011111111001011010110000101010100000100011010000110110110111010100110110000000101000101111
0111001110000001010001000001101111100111010000100001011011111011101010110001010110101001111110100100
1101010111000010111111100001101010101010101011101001010100010111101001000000010100110001101110101110
0011111010111110001111011011110101001100000100000100001000001000000001110000110010100011001000010011
0001110000100000100110001001100011001100110000001001000000100000100111111111010011010010011010011010
1110011011001010001001010110101111110100111011100010010110110110001100010000101110001100011110010111
0100100010111100000110111101101110110000011111110100000110100000000101001110100101000011111001111000
0110011110110001001110010110010011100011011100011111101111100011101010110111001100011010101000011010
1001110000111001100011100110011011110011010100101010110011000011000010001100100100000111101111001101
1001101010011011111100001100110000101001101101011011011101110001111000110111110011010010110010001101
1101111000111011100001111100100011110101010101100101011001011100100010111000000001001100101010010010
0011110011010101110000010100001001011001111011100010110010101010011011101111011100110101011101100111
0101111011000000110001011111000111111110100011111111000010000110011100100111010101010010000100111001
0011010100001000100111110010111110011111010111011110101111110001111011111011110101110011000010001110
0111100111010000001100010110111101111000011010010011001100000100001101110010001101111000000110011110
1000110011101010010000001101110011111011100100010001110010110001011010100001000001110011100100101101
1100101100100101111011100011001011101100001001010100110011010010100110010001011011110111011000101011
0010001101001000011011010111000011000101110000001001000010111110110110100011101100010110100110010100
0000110001111101101100101000011111101011001101101001011011110101110110000000110010011010001001110111
0011011000000111010001101111100100000100000000010011111101001101011011100111001000111000111000111111
0110010111101010001110010010110001010011101001000000101000011111011011001100110111010000010111110001
1101101001100101010000110010100110101101100000100111111000000111111010100100010011111000111100111110
0001001110010011100100111101011011101000001001000001011000111000001011001011101111110001100000001010
0010100011010000000101001100110000000011101010001000010110011110101000011000001101101011100101110111
1100100111101000000011100101011110101110010011001111010011110110001111000010010010011001010001010101
0010000111011111011001101100001001000011110000100110100111000010001110011101100111111001000011000000
1101011001111000111100100011111110110111110101101001011010110000110001111000010001110000011000011010
1101101001111101010010010100001111111100010101101100110001111101110101010000111000101100011000000111
1010010100100010000101111110001001010000100010010111000100110110011011000100111100110000000000111110
0010010111001111110011001111111001011010000111000111111110100111100111100110010101000100011000001101
0100110001100000101001011011000001100100100110001011110001100101111011000001011110110011001011101000
1000001110001110110111101001111100111000011010110101100010101000011110101110110010011101101010101011
1010010100010010110000111111101100010101101101011110111110011111101010100111111101010000000011111000
1001100011100100111010000110111110110111010111111101011101001110100000001001111010001111001011110110
1000111100110001001011011110100010011001110001101000011110011111111111101100100010000011101100000111
0101100101111111001101100010011100001011001111010000011000000010100001011100001000001101010100011011
1110100101000100011010001001101001011111011001110100010010001100111010101010111010111111110110111101
0000100111110100000110001011010111001110000110101110101011101000101100110100111011101001010110110001
1011001100001010000000110001011010000111101010011010101011001111100101011100100001001010011111011010
0100011001011011110000110000101011111000010100000111101011001001110011001011000011101100110001000010
0011101011011001000010011111000101111110011110111101000101111110101100100101111010011011001001100011
0110101001111101100001111001111000000000101010111111101000110010000010011101000100011100000000000000
0001110111100000110000011111011011111101010100001010100011110100001011110000101000001010110010011101
0010011011001111011000011111010110011111100011100001100110011001100001001001101001110111001011001110
1010010001111100101101110010111100101001010100001001110010101101101111000111100110001010110010110010
0111110111000110111010010110101010000011110001010010010111000000101101011000011101001010111111010111
0100110000101010000000010101011111010000001100010110001110000110111100111001100010100001101101011110
0011000111001110010011010111001110100001000111010001110001110100011100000000001100010101100000011001
1101000011011101100101010111010010000111111110110111000010100100001110000110001001000110001111000111
1111111010100010010001011000111110011111001000101100000100110101000000010010111111011001000100001101
1100001110111011111000100001001111101001110011010111011100010110010011101011001110010000001100111011
0001110000111111001100111111000100010001110101000000100000100111000101110110011111101000000011110110
0001100000100000101011000011101011111001111111010001011110101111111111000111111101111100011010011101
1100100000110011101011110001011111001100000101010101101011011010101000100011000000110101110110010000
1111011111110000110011111101001011000010100001001111011110010010111100011111101011111101110110000011
0110111010100110111101110001111010111110101010111011100001100010011100011010001000110100000110011011
1000000001101011011001011111101111101111100110100010011101011100001111101101110111111101001110001011
1101010000010110100000001011011100111100101011000100110000100100100111011000011001110100011101111000
1010100101011000101000000011011000110110001001101000110110001101101100001101110000010001101100010111
0011101100001110110100110101000110111110100010010100110001100111010101010011000111001011110110111011
